1215
2
38
38
7
4
13
5
13
7
14
10
1215
7
14
12
15
13
22
21
35
21
40
5
22
22
20
21
22
113
20
25
26
77
27
28
29
30
31
32
30
32
30
37
35
14
46
42
40
39
41
42
47
44
47
46
47
78
1547
41
43
105
38
63
78
2
1564
61
60
60
78
62
60
61
1564
75
68
42
62
1568
27
85
68
69
70
71
71
75
74
75
25
76
1568
78
93
76
74
205
279
88
74
88
205
88
27
87
85
71
119
88
92
119
90
92
93
94
95
29
44
97
87
99
105
101
143
143
109
142
143
126
107
108
111
110
104
111
145
113
120
110
126
28
118
138
118
119
120
119
123
184
127
121
141
106
125
127
232
88
77
217
138
126
232
137
232
138
221
136
137
140
139
140
141
141
143
142
145
138
149
123
145
143
152
143
151
148
153
138
23
158
153
93
155
156
157
158
159
169
159
93
93
163
249
249
250
169
44
188
148
169
123
188
179
175
188
174
188
157
172
279
175
179
163
199
174
174
174
179
175
123
183
184
187
187
187
234
190
189
190
184
191
182
190
182
190
206
174
190
199
202
204
199
201
201
220
203
204
204
220
204
204
220
203
220
207
218
223
216
233
136
218
219
220
136
222
222
202
223
220
229
233
207
216
230
270
232
233
234
235
237
237
136
239
239
238
235
236
243
235
246
251
270
246
250
251
270
253
271
255
270
255
235
265
266
253
278
269
265
265
266
267
271
124
269
271
271
269
124
254
254
254
275
278
275
276
197
275
279
279
926
328
926
283
301
283
299
285
286
388
284
328
926
346
286
292
317
292
390
315
350
351
285
315
285
301
301
300
301
300
284
302
303
302
303
375
302
375
375
359
375
284
303
303
302
362
299
351
301
351
299
319
348
317
338
299
321
299
333
321
321
328
327
328
321
329
330
331
332
334
334
365
338
338
339
339
329
421
413
413
367
345
318
411
318
346
319
348
349
350
350
351
348
349
348
351
370
362
370
359
367
378
367
362
365
365
382
383
366
383
366
362
367
362
370
348
377
375
380
375
408
359
377
349
366
383
380
393
382
393
383
335
383
380
393
428
393
390
470
292
383
392
393
396
458
399
447
443
398
415
390
399
390
395
428
378
428
378
408
349
408
407
377
407
399
396
399
412
345
377
415
412
415
509
342
509
413
429
635
428
427
444
427
428
429
398
342
430
431
397
397
447
395
459
443
444
443
442
443
444
395
459
446
447
605
681
460
654
462
476
478
460
474
395
445
458
459
460
444
462
463
491
523
485
463
485
461
470
461
470
459
383
474
470
474
470
476
478
475
478
485
571
489
473
485
473
487
558
489
558
493
442
493
442
495
494
495
414
503
492
503
442
523
504
511
504
507
509
507
508
509
510
524
778
522
508
511
507
778
506
495
507
525
522
523
524
525
442
526
503
527
528
526
479
525
533
525
568
533
537
492
539
539
815
542
494
568
555
543
568
543
555
715
555
558
570
570
559
558
555
492
557
558
559
572
558
570
478
568
478
568
571
568
589
574
571
491
573
572
575
491
559
491
543
493
559
572
573
574
575
591
573
574
568
604
588
604
588
589
588
571
591
571
591
478
607
590
607
614
462
590
607
602
591
602
607
606
605
602
605
610
588
610
605
614
623
618
623
637
623
588
618
620
620
623
621
425
622
622
623
622
622
627
627
652
425
425
650
632
633
618
635
636
637
638
639
669
639
638
652
636
650
646
648
636
650
382
650
651
663
651
654
655
655
657
654
653
653
663
662
663
664
648
665
666
668
666
670
667
670
671
651
663
620
683
619
681
619
681
679
683
396
682
683
684
287
685
686
682
671
687
917
685
670
685
917
684
924
586
917
702
685
955
702
701
702
955
702
703
648
730
955
719
699
702
701
714
714
699
586
714
715
714
715
718
713
955
717
718
719
730
729
729
719
713
715
539
542
727
725
1542
725
729
729
730
703
702
702
702
751
751
751
751
751
751
751
702
702
751
734
1542
734
751
751
751
735
751
751
734
751
735
735
830
741
734
734
741
734
1549
741
735
830
830
766
830
751
766
751
749
749
749
759
751
751
750
759
759
750
751
750
619
679
667
667
619
762
762
762
767
766
789
766
767
762
665
792
660
776
776
778
774
778
776
778
778
779
779
781
781
782
776
783
782
789
792
789
792
765
766
766
766
796
796
794
794
792
782
781
799
798
797
804
799
804
804
778
779
798
804
521
814
814
813
810
537
813
812
813
814
815
555
821
819
819
812
821
823
812
813
823
823
796
823
828
798
830
830
828
842
831
831
831
828
838
838
847
838
838
838
862
839
840
840
847
847
838
842
842
845
845
847
847
840
840
839
839
840
847
847
845
734
854
853
853
1549
898
838
898
898
862
861
861
861
863
863
863
862
862
821
894
877
877
821
877
877
894
862
894
877
877
877
878
879
879
877
878
878
890
890
1165
890
890
890
887
1165
1179
890
861
878
892
894
889
889
895
892
898
1191
430
382
669
479
909
903
284
905
906
907
283
287
670
908
918
908
909
914
914
911
939
917
918
919
920
923
926
920
923
922
925
911
927
933
929
936
937
932
933
952
935
936
937
938
939
940
927
942
941
935
944
927
944
956
990
943
952
956
940
990
954
701
956
955
958
959
954
957
966
963
935
965
966
963
968
951
970
990
968
965
974
982
972
951
978
969
1160
998
998
981
973
978
973
981
967
986
975
987
1002
988
973
988
967
987
975
990
1002
991
996
984
990
989
974
1002
1002
975
969
1003
996
997
998
997
1000
1005
1001
1009
1001
1004
1005
1006
1007
1020
1007
1001
1005
1012
1013
1014
1033
1016
1017
1018
1019
1020
1001
1021
1022
1023
1030
1022
1026
1027
1031
1032
1030
1031
1032
1033
1023
1035
1036
1037
1038
1039
1040
1038
1039
1043
1045
1045
1046
1034
1048
1049
1050
1051
1052
1053
1054
1055
1056
1059
1058
1059
1060
1061
1062
1063
1064
1065
1066
1067
1068
1069
1070
1071
1068
1079
1074
1085
1076
1063
1080
1079
1083
1077
1131
1131
1081
1083
1081
1086
1085
1086
1087
1096
1131
1084
1085
1118
1093
1096
1100
1096
1103
1098
1095
1101
1100
1101
1102
1103
1100
1105
1108
1107
1084
1113
1108
1111
1112
1117
1118
1117
1116
1125
1132
1118
1115
991
1199
1121
1215
1119
1077
1121
1125
1126
1127
1128
1128
1129
1130
1085
1113
1133
1134
1135
1136
1134
1134
1135
1146
1141
1142
1143
1144
1145
1146
1147
1151
1149
172
1150
1150
1150
171
23
910
1155
910
991
1505
887
887
1160
1505
1505
887
1505
1165
1165
1160
1166
1167
1167
1160
1230
1167
1166
1178
1230
1181
1165
1230
998
1230
1180
1183
1183
1179
1178
889
1181
1181
1183
1182
1183
1198
1179
1182
1181
1179
1181
1198
1190
1191
1198
1242
1197
1197
1197
1197
1197
1180
1180
1199
1195
1178
1210
1199
1210
1195
1214
1195
1210
1211
1214
1211
1210
1195
1214
1213
1210
1213
1214
1215
1214
1214
1327
1231
1213
1230
1195
1231
1213
1231
1229
1245
1327
1228
1327
1230
1195
1231
1230
1230
1230
1245
1228
1229
1235
1229
1235
1228
1229
1228
1245
1242
1245
1242
1242
1245
1246
1245
1246
1247
1246
1231
1246
1247
1182
1261
1261
1244
1246
1321
1261
1261
1261
1260
1247
1274
1263
1263
1263
1263
1274
1528
1294
1294
1515
1260
1515
1515
1294
1294
1263
1295
1263
1294
1515
1263
1247
1247
1247
1274
1247
1279
1295
1279
1279
1245
1285
1288
718
1285
1285
1295
1284
1288
1260
1379
1288
1288
1290
1290
1278
1291
1290
1260
1294
1295
1277
1246
1293
1317
1293
1247
1292
1263
1302
1317
1405
1317
1402
1304
1305
1263
1306
1263
1389
1317
1389
1317
1309
1310
1311
1317
1312
1317
1315
1310
1318
1316
1310
1318
1319
1297
1320
1321
1297
1324
1332
1319
1325
1326
1324
1454
1326
1454
1338
1320
1215
1454
1334
1338
1308
1326
1308
1454
1343
1338
1463
1343
1343
1352
1454
1352
1454
1341
1341
1388
1454
1352
1359
1354
1529
1357
1454
1454
1454
1358
1454
1354
1368
1354
1373
1372
1353
1374
1340
1372
1373
1372
1368
1317
1374
1317
1317
1372
1371
1374
1373
1374
1375
1379
1379
1385
1284
1284
1380
1385
1381
1383
1388
1383
1388
1387
1340
1387
1388
1614
1340
1390
1391
1379
1306
1401
1405
1390
1500
1400
1401
1399
1400
1401
1402
1401
1405
1404
1400
1403
1404
1407
718
718
1406
1403
1398
1373
1368
1454
1368
1482
1368
1398
1454
1454
1407
1415
1407
1414
1415
718
1454
1454
718
1454
1454
1471
1454
1454
1454
1471
1454
1415
1421
1422
1415
1424
1422
1436
1424
602
1433
1443
1439
1433
1430
1433
1430
1433
1428
1423
581
1423
1435
1423
1423
1434
1436
1437
1436
1439
1437
1438
1428
1454
1428
1439
1439
1443
1454
1445
1438
1439
1454
1445
1454
1454
1471
1454
1448
1448
1454
1471
1454
1454
1454
1443
1455
1454
1454
1454
1454
1451
1454
1453
1438
1453
1454
1453
1454
1455
1453
1463
1463
1435
1452
1485
1505
1454
1485
1167
1505
1485
1463
1463
1479
1452
1469
1451
1451
1466
1479
1468
1468
1469
1470
1470
1470
1468
1466
1398
1479
1454
1500
1398
1479
1478
1479
1482
1489
1482
1485
1485
1485
1487
1487
1486
1489
1486
1454
1487
1500
1371
1500
1485
1485
1485
1503
1487
1501
1500
1500
1501
1503
1502
1502
1502
1505
1505
1505
1512
1613
1615
1613
1511
1512
1512
1332
1515
1515
1511
1516
1530
1518
1519
1519
1612
1528
1528
1530
1212
1212
1516
1528
1323
1532
1533
1531
1533
1533
1534
1531
1214
1535
1597
1529
1190
1540
1191
1551
1550
1542
1542
1543
1549
1545
1554
45
1554
1554
1552
1547
1561
1561
1552
46
1545
1561
1561
1566
1560
1566
1562
1562
1562
1565
1566
1578
1567
1567
1643
1572
1572
1568
1573
1572
1576
1580
1565
1578
1579
1579
1578
1583
1583
1578
1585
1585
1591
1643
1591
1592
1591
1591
1591
1591
1637
1591
1581
1581
1534
1599
1599
1535
1598
1534
1599
1593
1592
1534
1534
1608
1606
1534
1608
1608
1607
1518
1607
1606
1518
1630
1609
1611
1612
1613
1609
1613
1383
1284
1390
1406
1652
1618
1620
1652
1630
1614
1609
1629
1618
1618
1627
1626
1628
1628
1406
1631
1630
1592
1628
1639
1639
1631
1628
1606
1637
1627
1627
1626
1643
1643
1643
1644
1644
1645
1646
1621
1647
1620
1651
1651
1652
1652
1620
1550
